{
  "AudienceId": 31,
  "Budget": 300000.0,
  "CPM": 100.0,
  "CPP": 112143960.00000001165041171648,
  "DeliveryImpressions": 3000.0,
  "DeliveryRatingPoints": 0.0026751329273551603,
  "MediaMonthId": 437,
  "Universe": 112143960.0
}