{
  "AudienceId": 31,
  "Budget": 3000.0,
  "CPM": 1.0,
  "CPP": 1121439.6000000001165041171648,
  "Impressions": 3000.0,
  "MediaMonthId": 437,
  "RatingPoints": 0.0026751329273551603,
  "Universe": 112143960.0
}