{
  "AudienceId": 31,
  "Budget": 180983.20,
  "CPM": 13.45,
  "CPP": 15083362.619999973475745417434,
  "DeliveryImpressions": 13.456,
  "DeliveryRatingPoints": 0.011998862890163678,
  "MediaMonthId": 437,
  "Universe": 112143960.0
}