{
  "AudienceId": 31,
  "Budget": 100.0,
  "CPM": 0.0333333333333333333333333333,
  "CPP": 37381.32000000000388347057216,
  "DeliveryImpressions": 3000.0,
  "DeliveryRatingPoints": 0.0026751329273551603,
  "MediaMonthId": 437
}