{
  "AudienceId": 31,
  "Budget": 100.0,
  "CPM": 0.0333333333333333333333333000,
  "CPP": 40.199999999999941308,
  "Impressions": 3000.0,
  "MediaMonthId": 450,
  "RatingPoints": 2.5,
  "Universe": 120600000.0
}