{
  "AudienceId": 31,
  "Budget": 300000000.0,
  "CPM": 100.0,
  "CPP": 112143960.00000001165041171648,
  "Impressions": 3000.0,
  "MediaMonthId": 437,
  "RatingPoints": 2.6751329273551603,
  "Universe": 112143960.0
}