{
  "AudienceId": 31,
  "Budget": 3000.0,
  "CPM": 1.000,
  "CPP": 1121.4396000000001165041171648,
  "DeliveryImpressions": 3000.0,
  "DeliveryRatingPoints": 2.6751329273551603,
  "MediaMonthId": 437,
  "Universe": 112143960.0
}