{
  "AudienceId": 31,
  "Budget": 100.0,
  "CPM": 0.0000276166804750069041701000,
  "CPP": 0.0333333333333333333333333333,
  "Impressions": 3621000.0,
  "RatingPoints": 3000.0,
  "Universe": 120700000.0
}