{
  "AudienceId": 31,
  "Budget": 180.98320,
  "CPM": 13.45,
  "CPP": 15083.362619999973475745417434,
  "Impressions": 13.456,
  "MediaMonthId": 437,
  "RatingPoints": 0.011998862890163678,
  "Universe": 112143960.0
}