{
  "AudienceId": 31,
  "Budget": 100.0,
  "CPM": 33.333333333333333333333333300,
  "CPP": 441961.91666666728237486182292,
  "DeliveryImpressions": 3000.0,
  "DeliveryRatingPoints": 0.00022626383909775031,
  "MediaMonthId": 437
}