{
  "AudienceId": 31,
  "Budget": 3000.0,
  "CPM": 100.0,
  "CPP": 1325885750.0000018471245854688,
  "DeliveryImpressions": 30.0,
  "DeliveryRatingPoints": 2.262638390977503E-06,
  "MediaMonthId": 437
}